255551 0.008581
255571 0.005779
255587 0.005747
255589 0.005703
255613 0.005887
255617 0.005903
255637 0.005666
255641 0.005640
255649 0.005839
255653 0.007646
255659 0.005689
255667 0.005671
255679 0.005605
255709 0.005624
255713 0.005587
255733 0.005627
255743 0.005620
255757 0.005633
255763 0.005651
255767 0.007613
255803 0.005605
255839 0.005647
255841 0.005607
255847 0.005624
255851 0.005624
255859 0.005644
255869 0.005623
255877 0.005599
255887 0.005653
255907 0.007616
255917 0.005654
255919 0.005618
255923 0.005590
255947 0.005585
255961 0.005618
255971 0.005676
255973 0.005683
255977 0.005608
255989 0.005634
256019 0.005628
256021 0.007579
256031 0.005662
256033 0.005604
256049 0.005606
256057 0.005659
256079 0.005648
256093 0.005634
256117 0.005647
256121 0.005649
256129 0.005635
256133 0.005653
256147 0.007617
256163 0.005639
256169 0.005640
256181 0.005638
256187 0.005811
256189 0.005650
256199 0.005608
256211 0.005610
256219 0.006133
256279 0.005729
256301 0.005672
256307 0.007705
256313 0.005738
256337 0.005632
256349 0.005633
256363 0.005597
256369 0.005641
256391 0.005634
256393 0.005630
256423 0.005659
256441 0.005643
256469 0.005621
256471 0.005652
256483 0.007645
256489 0.005633
256493 0.005615
256499 0.005665
256517 0.005667
256541 0.005651
256561 0.005620
256567 0.005635
256577 0.005644
256579 0.005629
256589 0.005777
256603 0.005650
256609 0.007633
256639 0.005609
256643 0.005644
256651 0.005644
256661 0.005627
256687 0.005666
256699 0.005676
256721 0.005658
256723 0.005644
256757 0.005671
256771 0.005634
256799 0.005645
256801 0.007620
256813 0.005654
256831 0.005629
256873 0.005649
256877 0.005669
256889 0.005653
256901 0.005638
256903 0.005642
256931 0.005728
256939 0.005642
256957 0.005628
256967 0.005638
256981 0.005648
257003 0.007607
257017 0.005651
257053 0.005636
257069 0.005666
257077 0.005643
257093 0.005615
257099 0.005647
257107 0.005652
257123 0.006047
257141 0.005643
257161 0.005663
257171 0.005798
257177 0.005683
257189 0.007675
257219 0.005681
257221 0.005669
257239 0.005657
257249 0.005632
257263 0.005662
257273 0.005663
257281 0.005642
257287 0.005686
257293 0.005639
257297 0.005667
257311 0.005662
257321 0.005676
257339 0.005663
257351 0.007616
257353 0.005693
257371 0.005667
257381 0.005666
257399 0.005658
257401 0.005675
257407 0.005677
257437 0.005660
257443 0.005861
257447 0.005656
257459 0.005653
257473 0.005680
257489 0.005663
257497 0.005682
257501 0.007627
257503 0.005683
257519 0.005678
257539 0.005674
257561 0.005686
257591 0.005667
257611 0.005639
257627 0.005664
257639 0.005645
257657 0.005693
257671 0.005693
257687 0.005666
257689 0.005668
257707 0.005761
257711 0.007730
257713 0.005694
257717 0.005662
257731 0.005656
257783 0.005691
257791 0.005698
257797 0.005682
257837 0.005681
257857 0.005675
257861 0.005679
257863 0.005677
257867 0.005664
257869 0.005670
257879 0.005649
257893 0.005690
257903 0.007644
257921 0.005684
257947 0.005658
257953 0.005703
257981 0.005650
257987 0.005654
257989 0.005675
257993 0.005650
258019 0.005666
258023 0.005667
258031 0.005671
258061 0.005683
258067 0.005667
258101 0.005674
258107 0.005672
258109 0.007645
258113 0.005685
258119 0.005651
258127 0.005696
258131 0.005659
258143 0.005728
258157 0.005659
258161 0.005641
258173 0.005702
258197 0.005687
258211 0.005679
258233 0.005679
258241 0.005760
258253 0.005714
258277 0.005712
258283 0.007744
258299 0.005733
258317 0.005740
258319 0.005686
258329 0.005705
258331 0.005755
258337 0.005729
258353 0.005748
258373 0.005923
258389 0.005733
258403 0.005661
258407 0.005874
258413 0.005699
258421 0.005683
258437 0.005850
258443 0.005759
258449 0.007766
258469 0.005750
258487 0.005708
258491 0.005763
258499 0.005709
258521 0.005695
258527 0.005764
258539 0.005705
258551 0.005700
258563 0.005779
258569 0.005789
258581 0.005739
258607 0.005742
258611 0.005752
258613 0.005642
258617 0.005721
258623 0.007696
258631 0.005745
258637 0.005732
258659 0.005673
258673 0.005810
258677 0.005679
258691 0.005692
258697 0.005697
258703 0.005677
258707 0.005703
258721 0.005681
258733 0.005685
258737 0.005688
258743 0.005705
258763 0.005689
258779 0.005690
258787 0.005705
258803 0.007654
258809 0.005691
258827 0.005752
258847 0.005840
258871 0.005843
258887 0.005716
258917 0.005680
258919 0.005797
258949 0.005750
258959 0.005807
258967 0.005803
258971 0.005729
258977 0.005795
258983 0.005815
258991 0.005709
259001 0.005777
259009 0.005860
259019 0.007741
259033 0.005770
259099 0.005772
259121 0.005712
259123 0.005813
259151 0.005766
259157 0.005802
259159 0.005802
259163 0.005718
259169 0.005699
259177 0.005742
259183 0.005671
259201 0.005681
259211 0.005721
259213 0.005783
259219 0.005699
259229 0.005695
259271 0.007672
259277 0.005707
259309 0.005700
259321 0.005705
259339 0.005711
259379 0.005711
259381 0.005751
259387 0.005696
259397 0.005694
259411 0.005672
259421 0.005713
259429 0.005705
259451 0.005723
259453 0.005693
259459 0.005687
259499 0.005690
259507 0.005681
259517 0.005660
259531 0.007722
259537 0.005709
259547 0.005714
259577 0.005701
259583 0.005700
259603 0.005684
259619 0.005700
259621 0.005695
259627 0.005688
259631 0.005708
259639 0.005681
259643 0.005677
259657 0.005698
259667 0.005704
259681 0.005697
259691 0.005731
259697 0.005696
259717 0.005728
259723 0.007656
259733 0.005707
259751 0.005720
259771 0.005709
259781 0.005729
259783 0.005691
259801 0.005748
259813 0.005887
259823 0.005728
259829 0.005726
259837 0.005694
259841 0.005725
259867 0.005692
259907 0.005709
259933 0.005718
259937 0.005697
259943 0.005732
259949 0.005686
259967 0.005725
259991 0.007676
259993 0.005737
260003 0.005719
260009 0.005739
260011 0.005733
260017 0.005699
260023 0.005761
260047 0.005766
260081 0.005712
260089 0.005714
260111 0.005735
260137 0.005729
260171 0.005715
260179 0.005717
260189 0.005789
260191 0.005725
260201 0.005722
260207 0.005777
260209 0.007716
260213 0.005716
260231 0.005771
260263 0.005711
260269 0.005710
260317 0.005711
260329 0.005732
260339 0.005730
260363 0.005745
260387 0.005742
260399 0.005794
260411 0.005753
260413 0.005740
260417 0.005718
260419 0.005717
260441 0.005726
260453 0.005728
260461 0.005726
260467 0.005710
260483 0.005736
260489 0.007728
260527 0.005744
260539 0.005797
260543 0.005731
260549 0.005715
260551 0.005679
260569 0.005727
260573 0.005713
260581 0.005704
260587 0.005704
260609 0.005721
260629 0.005696
260647 0.005713
260651 0.005708
260671 0.005719
260677 0.005749
260713 0.005718
260717 0.005695
260723 0.005726
260747 0.007716
260753 0.005741
260761 0.005732
260773 0.005730
260791 0.005785
260807 0.005699
260809 0.005722
260849 0.005719
260857 0.005720
260861 0.005890
260863 0.005764
260873 0.005717
260879 0.005740
260893 0.005755
260921 0.005734
260941 0.005756
260951 0.005743
260959 0.005759
260969 0.005723
260983 0.005751
260987 0.007671
260999 0.005755
261011 0.005724
261013 0.005730
261017 0.005722
261031 0.005757
261043 0.005748
261059 0.005744
261061 0.005759
261071 0.005746
261077 0.005744
261089 0.005814
261101 0.005718
261127 0.005745
261167 0.005769
261169 0.005692
261223 0.005798
261229 0.005765
261241 0.005741
261251 0.005761
261271 0.007997
261281 0.005735
261301 0.005745
261323 0.005755
261329 0.005750
261337 0.005748
261347 0.005759
261353 0.005754
261379 0.005746
261389 0.005745
261407 0.005758
261427 0.005756
261431 0.005762
261433 0.005736
261439 0.005732
261451 0.005757
261463 0.005765
261467 0.005739
261509 0.005757
261523 0.005739
261529 0.005709
261557 0.007702
261563 0.005792
261577 0.005892
261581 0.005727
261587 0.005765
261593 0.005823
261601 0.005767
261619 0.005783
261631 0.005754
261637 0.005780
261641 0.005754
261643 0.005774
261673 0.005749
261697 0.005737
261707 0.005752
261713 0.005758
261721 0.005771
261739 0.005739
261757 0.005740
261761 0.005817
261773 0.005757
261787 0.007720
261791 0.005754
261799 0.005755
261823 0.005739
261847 0.005754
261881 0.005790
261887 0.005763
261917 0.005741
261959 0.005753
261971 0.005754
261973 0.005773
261977 0.005760
