0 0.000547 0.000287
1 0.000168 0.000213
2 0.000002 0.000111
3 0.000003 0.000002
4 0.000002 0.000001
5 0.000002 0.000002
6 0.000001 0.000001
7 0.000001 0.000002
8 0.000001 0.000002
9 0.000001 0.000002
10 0.000002 0.000002
11 0.000003 0.000002
12 0.000002 0.000001
13 0.000002 0.000001
14 0.000001 0.000002
15 0.000001 0.000002
16 0.000002 0.000002
17 0.000001 0.000002
18 0.000002 0.000001
19 0.000002 0.000001
20 0.000002 0.000002
21 0.000002 0.000002
22 0.000001 0.000002
23 0.000002 0.000002
24 0.000002 0.000002
25 0.000002 0.000002
26 0.000002 0.000002
27 0.000002 0.000001
28 0.000002 0.000002
29 0.000002 0.000001
30 0.000002 0.000001
31 0.000002 0.000001
32 0.000002 0.000002
33 0.000002 0.000001
34 0.000003 0.000001
35 0.000002 0.000001
36 0.000002 0.000001
37 0.000002 0.000002
38 0.000002 0.000002
39 0.000003 0.000001
40 0.000002 0.000002
41 0.000002 0.000002
42 0.000003 0.000001
43 0.000003 0.000001
44 0.000002 0.000002
45 0.000003 0.000002
46 0.000002 0.000002
47 0.000003 0.000001
48 0.000002 0.000002
49 0.000002 0.000002
50 0.000003 0.000002
51 0.000003 0.000002
52 0.000003 0.000002
53 0.000003 0.000002
54 0.000003 0.000002
55 0.000003 0.000001
56 0.000002 0.000002
57 0.000003 0.000001
58 0.000003 0.000002
59 0.000003 0.000001
60 0.000003 0.000002
61 0.000003 0.000001
62 0.000003 0.000002
63 0.000003 0.000001
64 0.000003 0.000001
65 0.000003 0.000002
66 0.000003 0.000001
67 0.000003 0.000001
68 0.000003 0.000001
69 0.000003 0.000001
70 0.000003 0.000002
71 0.000003 0.000002
72 0.000004 0.000001
73 0.000004 0.000001
74 0.000004 0.000001
75 0.000003 0.000002
76 0.000004 0.000001
77 0.000004 0.000001
78 0.000004 0.000001
79 0.000003 0.000002
80 0.000004 0.000001
81 0.000004 0.000001
82 0.000003 0.000002
83 0.000003 0.000002
84 0.000004 0.000002
85 0.000004 0.000001
86 0.000003 0.000002
87 0.000003 0.000002
88 0.000004 0.000002
89 0.000004 0.000002
90 0.000004 0.000001
91 0.000003 0.000002
92 0.000004 0.000001
93 0.000004 0.000001
94 0.000004 0.000002
95 0.000003 0.000002
96 0.000004 0.000001
97 0.000003 0.000002
98 0.000004 0.000001
99 0.000004 0.000002
100 0.000004 0.000001
101 0.000004 0.000001
102 0.000004 0.000002
103 0.000004 0.000001
104 0.000004 0.000001
105 0.000004 0.000001
106 0.000004 0.000001
107 0.000004 0.000002
108 0.000004 0.000001
109 0.000004 0.000002
110 0.000004 0.000002
111 0.000005 0.000001
112 0.000004 0.000002
113 0.000004 0.000002
114 0.000004 0.000002
115 0.000005 0.000001
116 0.000004 0.000002
117 0.000004 0.000001
118 0.000005 0.000002
119 0.000005 0.000001
120 0.000004 0.000002
121 0.000004 0.000002
122 0.000004 0.000002
123 0.000004 0.000002
124 0.000005 0.000001
125 0.000004 0.000002
126 0.000005 0.000002
127 0.000004 0.000002
128 0.000005 0.000001
129 0.000004 0.000002
130 0.000005 0.000002
131 0.000004 0.000002
132 0.000005 0.000001
133 0.000005 0.000001
134 0.000005 0.000001
135 0.000005 0.000001
136 0.000005 0.000001
137 0.000005 0.000001
138 0.000005 0.000002
139 0.000005 0.000001
140 0.000005 0.000002
141 0.000005 0.000001
142 0.000005 0.000001
143 0.000005 0.000002
144 0.000005 0.000001
145 0.000005 0.000002
146 0.000005 0.000002
147 0.000005 0.000002
148 0.000005 0.000001
149 0.000005 0.000002
150 0.000005 0.000002
151 0.000005 0.000002
152 0.000005 0.000002
153 0.000005 0.000002
154 0.000005 0.000002
155 0.000006 0.000002
156 0.000005 0.000002
157 0.000005 0.000002
158 0.000006 0.000001
159 0.000005 0.000002
160 0.000006 0.000002
161 0.000005 0.000002
162 0.000006 0.000001
163 0.000005 0.000002
164 0.000006 0.000002
165 0.000006 0.000001
166 0.000005 0.000002
167 0.000006 0.000001
168 0.000006 0.000001
169 0.000005 0.000002
170 0.000006 0.000001
171 0.000006 0.000001
172 0.000006 0.000001
173 0.000006 0.000001
174 0.000006 0.000001
175 0.000006 0.000001
176 0.000006 0.000001
177 0.000006 0.000002
178 0.000005 0.000002
179 0.000005 0.000002
180 0.000006 0.000002
181 0.000006 0.000002
182 0.000006 0.000002
183 0.000006 0.000001
184 0.000006 0.000002
185 0.000006 0.000001
186 0.000006 0.000002
187 0.000006 0.000002
188 0.000006 0.000002
189 0.000006 0.000002
190 0.000007 0.000001
191 0.000006 0.000002
192 0.000007 0.000001
193 0.000006 0.000002
194 0.000006 0.000002
195 0.000006 0.000002
196 0.000006 0.000002
197 0.000007 0.000001
198 0.000007 0.000001
199 0.000006 0.000002
200 0.000006 0.000002
201 0.000007 0.000001
202 0.000006 0.000002
203 0.000006 0.000002
204 0.000007 0.000001
205 0.000006 0.000002
206 0.000007 0.000001
207 0.000007 0.000001
208 0.000007 0.000001
209 0.000006 0.000002
210 0.000007 0.000001
211 0.000007 0.000001
212 0.000007 0.000001
213 0.000006 0.000002
214 0.000007 0.000002
215 0.000006 0.000002
216 0.000007 0.000001
217 0.000007 0.000001
218 0.000007 0.000001
219 0.000007 0.000002
